ABT,AMZN,AVGO,CAT,JNJ,JPM,NVDA,PLD,TSLA,WMT,XOM
31.35161781311035,29.350000381469727,10.241071701049805,48.71458435058594,79.17569732666016,45.39903259277344,0.7144584655761719,29.856185913085938,12.74666690826416,18.47381019592285,50.23701858520508
32.29130554199219,27.625999450683594,10.26098346710205,53.6515007019043,79.75941467285156,43.24559020996094,0.7649512887001038,29.09219741821289,12.795332908630371,18.468246459960938,51.7212028503418
34.8669548034668,29.68199920654297,11.83341121673584,60.6570930480957,82.62056732177734,45.488529205322266,0.8722738027572632,33.41896057128906,15.317999839782715,19.066774368286133,54.43062973022461
32.424686431884766,32.97949981689453,11.200197219848633,61.592227935791016,85.58332824707031,48.545677185058594,0.8698258399963379,34.69342803955078,16.05066680908203,18.753602981567383,57.5627326965332
33.23497009277344,36.13949966430664,11.861836433410645,58.02367401123047,86.04913330078125,50.506874084472656,1.143773078918457,36.31312942504883,14.881999969482422,19.850162506103516,57.9664421081543
32.96660614013672,35.78099822998047,11.941757202148438,60.664363861083984,93.28494262695312,48.084835052490234,1.153861403465271,37.46677780151367,14.152000427246094,20.628299713134766,61.55293273925781
37.52875900268555,37.94049835205078,12.486664772033691,66.22586822509766,96.3072509765625,49.50091552734375,1.4015204906463623,41.98786926269531,15.652667045593262,20.61417579650879,58.40763473510742
35.456356048583984,38.45800018310547,13.599813461303711,66.20941925048828,91.77760314941406,52.63910675048828,1.5055919885635376,40.92449188232422,14.133999824523926,20.181941986083984,57.219139099121094
35.68418502807617,41.865501403808594,13.299172401428223,71.71949768066406,91.45313262939453,51.929447174072266,1.6849244832992554,41.25584030151367,13.60200023651123,20.513519287109375,57.79981994628906
33.11061096191406,39.49100112915039,13.166082382202148,67.42938232421875,89.79639434814453,54.0116081237793,1.7498422861099243,40.52293395996094,13.182000160217285,19.91620635986328,55.17734909057617
32.327552795410156,37.528499603271484,13.182321548461914,77.88680267333984,86.16553497314453,62.97413635253906,2.267221450805664,39.54405975341797,12.626667022705078,20.032825469970703,57.81303024291992
32.616294860839844,37.493499755859375,13.667889595031738,75.58834838867188,89.80887603759766,67.78143310546875,2.6286935806274414,41.01237869262695,14.246000289916992,19.660213470458984,60.30252456665039
35.46946716308594,41.17399978637695,15.51356029510498,77.96830749511719,88.281005859375,66.47749328613281,2.688783645629883,38.261878967285156,16.795333862304688,19.119123458862305,56.04674530029297
38.5274543762207,42.25199890136719,16.402385711669922,79.43707275390625,95.26554107666016,71.57654571533203,2.4991543292999268,39.98503875732422,16.666000366210938,20.31943702697754,54.32973861694336
37.95484161376953,44.32699966430664,17.026819229125977,76.23198699951172,97.73208618164062,69.38072967529297,2.686012029647827,40.6351432800293,18.553333282470703,20.648880004882812,55.291748046875
37.29676818847656,46.2495002746582,17.24854850769043,84.03924560546875,96.8846206665039,68.71727752685547,2.5718445777893066,42.999752044677734,20.937999725341797,21.695301055908203,55.049007415771484
39.26183319091797,49.73099899291992,18.706953048706055,87.36414337158203,100.63539123535156,65.25930786132812,3.5594043731689453,43.89279556274414,22.733999252319336,22.682239532470703,54.273677825927734
41.798465728759766,48.400001525878906,18.204679489135742,89.04627990722656,104.49388885498047,72.60745239257812,3.568336248397827,46.34269332885742,24.107332229614258,21.98573875427246,54.942745208740234
42.28858184814453,49.388999938964844,19.349872589111328,94.4241943359375,104.83352661132812,72.9251937866211,4.011415958404541,48.430633544921875,21.564666748046875,23.23783302307129,54.473140716552734
44.044368743896484,49.029998779296875,19.774274826049805,98.06033325195312,104.55707550048828,72.59944915771484,4.182476997375488,50.46151351928711,23.726667404174805,22.6800537109375,51.94822311401367
46.136783599853516,48.067501068115234,19.02666664123535,104.08636474609375,103.34618377685547,76.28972625732422,4.416664123535156,50.541160583496094,22.739999771118164,22.84317970275879,56.334251403808594
46.88900375366211,55.263999938964844,20.787723541259766,113.34236907958984,110.81836700439453,80.36341857910156,5.10941743850708,51.7821044921875,22.101999282836914,25.52390480041504,57.275672912597656
48.97774124145508,58.837501525878906,21.892833709716797,118.51033782958984,110.75476837158203,83.97459411621094,4.958710193634033,53.105140686035156,20.59000015258789,28.423885345458984,57.23444747924805
49.585933685302734,58.4734992980957,20.235551834106445,132.30502319335938,111.7448959350586,85.91889953613281,4.783904075622559,51.72598648071289,20.75666618347168,28.868228912353516,58.00687026977539
54.00844955444336,72.54450225830078,19.66639518737793,136.6709747314453,110.52127838134766,92.9328384399414,6.07691764831543,52.557945251464844,23.62066650390625,31.327312469482422,60.545188903808594
52.66911697387695,75.62249755859375,19.54191017150879,130.43080139160156,103.8750991821289,93.27964782714844,5.982970237731934,48.98197937011719,22.87066650390625,26.451889038085938,52.527976989746094
52.311180114746094,72.36699676513672,18.68478775024414,124.31539916992188,103.14776611328125,88.81352996826172,5.729161739349365,50.846656799316406,17.742000579833984,26.146257400512695,52.27342224121094
50.74848175048828,78.30650329589844,18.457353591918945,121.76802825927734,101.81166076660156,87.85250854492188,5.563660621643066,52.796417236328125,19.593332290649414,26.151369094848633,54.47336196899414
53.97529983520508,81.48100280761719,20.279592514038086,128.7816162109375,96.28199768066406,86.86125946044922,6.238772869110107,52.34092712402344,18.98200035095215,24.4012451171875,56.91854476928711
53.50160217285156,84.98999786376953,19.52092742919922,115.01416778564453,98.39077758789062,84.58036041259766,5.864147186279297,53.430850982666016,22.863332748413086,25.48016929626465,58.54996871948242
57.492942810058594,88.87200164794922,18.08115005493164,121.90632629394531,107.4562759399414,93.30623626708984,6.06118631362915,53.767887115478516,19.875999450683594,26.54519271850586,57.686553955078125
58.896888732910156,100.635498046875,17.857751846313477,118.43173217773438,109.21585845947266,93.5113525390625,6.94786262512207,55.046119689941406,20.110666275024414,28.517566680908203,56.73821258544922
64.64207458496094,100.1500015258789,20.116165161132812,130.06591796875,112.7843246459961,92.0912857055664,6.960083961486816,55.54593276977539,17.65133285522461,28.09971809387207,60.79130554199219
60.74734878540039,79.90049743652344,18.358190536499023,103.47957611083984,114.26995849609375,88.97367858886719,5.221672058105469,53.20342254638672,22.488000869750977,30.00574493408203,56.97306823730469
65.51834869384766,84.50849914550781,19.501625061035156,116.45685577392578,119.91034698486328,91.38013458251953,4.047706127166748,55.57187271118164,23.365333557128906,29.218799591064453,56.844364166259766
63.99652862548828,75.09850311279297,20.88738250732422,109.07476043701172,106.01073455810547,80.22779846191406,3.30973219871521,48.458274841308594,22.18666648864746,27.8723087310791,49.251705169677734
64.57164764404297,85.9365005493164,22.267120361328125,114.30235290527344,109.32124328613281,85.06021118164062,3.563850164413452,57.499671936035156,20.468000411987305,28.830692291259766,52.928062438964844
68.9955062866211,81.99150085449219,22.8573055267334,118.64878845214844,112.24571990966797,86.4635009765625,3.824414014816284,58.247928619384766,21.325332641601562,29.781387329101562,57.081138610839844
71.05772399902344,89.0374984741211,24.961580276489258,117.05057525634766,115.59493255615234,83.87026977539062,4.456239223480225,59.819297790527344,18.657333374023438,29.34214210510254,59.00747299194336
70.71993255615234,96.32599639892578,26.666101455688477,120.44568634033203,116.76091003417969,96.1488037109375,4.491977214813232,64.21369171142578,15.912667274475098,31.106151580810547,58.627723693847656
67.94800567626953,88.75350189208984,21.074932098388672,104.13189697265625,108.45035552978516,88.46089172363281,3.361785411834717,61.70109176635742,12.343999862670898,30.682689666748047,51.68265914916992
75.06143951416016,94.68150329589844,24.108367919921875,118.45539093017578,115.96126556396484,93.33639526367188,4.08043909072876,67.0864486694336,14.897333145141602,33.59758758544922,56.603614807128906
77.73902130126953,93.33899688720703,24.519609451293945,114.43990325927734,108.41812133789062,96.84278869628906,4.1919965744018555,67.9705581665039,16.107332229614258,33.56413269042969,54.926856994628906
76.43547821044922,88.81449890136719,23.89813995361328,104.2237319946289,106.8695297241211,92.36612701416016,4.161932945251465,70.50860595703125,15.040666580200195,34.74394989013672,50.58353805541992
74.95730590820312,86.79550170898438,23.34262466430664,110.6260757446289,108.52593231201172,98.94927978515625,4.3292036056518555,71.85774230957031,16.058000564575195,36.265628814697266,52.80540466308594
74.903564453125,88.83300018310547,24.989273071289062,120.68934631347656,110.7572021484375,105.02799224853516,4.999462127685547,74.46060180664062,20.994667053222656,35.83170700073242,50.531944274902344
76.85884094238281,90.04000091552734,26.98261833190918,127.75514221191406,115.32870483398438,111.66620635986328,5.390427589416504,77.67626190185547,21.996000289916992,36.39091491699219,50.95074462890625
78.12709045410156,92.39199829101562,26.966405868530273,130.35916137695312,123.20570373535156,118.14106750488281,5.856339931488037,75.63147735595703,27.8886661529541,36.31452941894531,52.81402587890625
78.37895202636719,100.43599700927734,26.303470611572266,115.94450378417969,125.7396011352539,112.17472839355469,5.884464263916016,79.2860107421875,43.371334075927734,35.142189025878906,47.01643371582031
69.57966613769531,94.1875,23.4986629486084,110.43763732910156,113.58541107177734,99.03462219238281,6.721724033355713,71.94470977783203,44.53266525268555,33.0518913269043,38.93312454223633
71.27783966064453,97.48600006103516,20.436992645263672,103.14862060546875,111.46217346191406,76.79000854492188,6.5646185874938965,68.60696411132812,34.93333435058594,34.87515640258789,29.150733947753906
83.18304443359375,123.69999694824219,23.810434341430664,103.45083618164062,127.53591918945312,81.67733001708984,7.278857707977295,76.80498504638672,52.12533187866211,37.47431945800781,35.676448822021484
86.10041809082031,122.11849975585938,25.532968521118164,107.76460266113281,126.43940734863281,83.86186218261719,8.841312408447266,78.75885772705078,55.66666793823242,38.24815368652344,34.908721923828125
82.93467712402344,137.9409942626953,27.666629791259766,113.47893524169922,120.36592864990234,81.0610122680664,9.461170196533203,80.33406066894531,71.98733520507812,37.091060638427734,34.99860382080078
91.2889404296875,158.23399353027344,28.052623748779297,119.20223236083984,124.7567367553711,83.28445434570312,10.578692436218262,91.30113983154297,95.38400268554688,40.06998825073242,32.932498931884766
99.68397521972656,172.54800415039062,30.74496841430664,128.61764526367188,131.3043975830078,87.18523406982422,13.329066276550293,88.21794128417969,166.10667419433594,42.99626541137695,31.257705688476562
99.1011962890625,157.43649291992188,32.265602111816406,134.79949951171875,128.2752685546875,83.77405548095703,13.484538078308105,87.14402770996094,143.00332641601562,43.50262451171875,27.397260665893555
95.71372985839844,151.8074951171875,31.246910095214844,141.93943786621094,118.13423156738281,85.31430053710938,12.495159149169922,86.40201568603516,129.34666442871094,43.141944885253906,26.032588958740234
98.87417602539062,158.40199279785156,35.8897590637207,157.84629821777344,124.65653228759766,103.53092193603516,13.359972953796387,87.142333984375,189.1999969482422,47.507442474365234,30.42987060546875
100.03449249267578,162.84649658203125,39.131256103515625,165.5117645263672,136.54112243652344,111.60226440429688,13.014546394348145,86.80267333984375,235.22332763671875,44.820980072021484,33.68952178955078
112.91681671142578,160.30999755859375,40.604862213134766,166.25735473632812,141.52978515625,113.00751495361328,12.95332145690918,90.41112518310547,264.510009765625,43.84263610839844,36.64817810058594
109.876708984375,154.64649963378906,42.35072708129883,197.34527587890625,137.47813415527344,130.1864013671875,13.676041603088379,86.79292297363281,225.1666717529297,40.54407501220703,44.43715286254883
109.93177795410156,154.70399475097656,41.79100799560547,211.96240234375,143.47738647460938,134.66249084472656,13.310818672180176,92.86415100097656,222.64332580566406,42.38840103149414,46.405330657958984
110.15193176269531,173.37100219726562,41.44003677368164,208.52523803710938,142.06312561035156,136.0601348876953,14.972573280334473,102.72307586669922,236.47999572753906,43.84394454956055,47.57731628417969
107.39839172363281,161.15350341796875,42.905242919921875,221.3778839111328,147.7550506591797,146.14224243164062,16.204538345336914,103.87787628173828,208.4066619873047,44.50828552246094,48.51655197143555
106.73551177978516,172.00799560546875,43.31490707397461,199.84429931640625,144.7151336669922,138.40086364746094,19.953292846679688,105.36763000488281,226.56666564941406,44.36532974243164,53.195281982421875
111.38500213623047,166.37950134277344,44.4376335144043,189.8534393310547,151.268310546875,135.05520629882812,19.455488204956055,113.43579864501953,229.06666564941406,44.846675872802734,48.548709869384766
116.79045104980469,173.5395050048828,45.51881408691406,194.6759033203125,152.08526611328125,143.1450653076172,22.33504867553711,119.30075073242188,245.24000549316406,46.59272384643555,45.97664260864258
109.17508697509766,164.2519989013672,44.394596099853516,177.22738647460938,142.7119903564453,146.4921417236328,20.673419952392578,111.12348937988281,258.49334716796875,44.0107307434082,50.35360336303711
119.11941528320312,168.6215057373047,49.0302848815918,188.3427276611328,143.9314422607422,152.040771484375,25.51444435119629,129.03582763671875,371.3333435058594,47.18098449707031,55.19035339355469
116.6847152709961,175.35350036621094,51.06003189086914,179.4870147705078,137.78994750976562,142.99929809570312,32.60882568359375,134.1897430419922,381.586669921875,44.40544509887695,51.22677993774414
130.57334899902344,166.7169952392578,61.36371994018555,191.91693115234375,152.15882873535156,142.567138671875,29.350547790527344,149.86524963378906,352.260009765625,45.68742370605469,53.08645248413086
118.25263214111328,149.57350158691406,54.37512969970703,187.1083221435547,153.24392700195312,133.78895568847656,24.438657760620117,140.14797973632812,312.239990234375,44.32426071166992,65.90042114257812
112.30146026611328,153.56300354003906,54.5199089050293,174.97561645507812,146.3773956298828,128.43194580078125,24.33785629272461,130.34420776367188,290.1433410644531,42.85006332397461,68.03463745117188
110.19732666015625,162.99749755859375,58.44017791748047,207.84767150878906,158.64976501464844,123.46858978271484,27.233245849609375,144.31256103515625,359.20001220703125,47.21242904663086,72.44672393798828
105.67249298095703,124.28150177001953,51.800498962402344,196.392822265625,161.54115295410156,108.10746002197266,18.514297485351562,143.9849853515625,290.2533264160156,48.690345764160156,74.7800521850586
109.7952651977539,120.20950317382812,54.205562591552734,202.3115997314453,160.70864868164062,120.65188598632812,18.63907814025879,114.51246643066406,252.75332641601562,40.93757629394531,84.20978546142578
101.56016540527344,106.20999908447266,45.39259338378906,167.54794311523438,159.92149353027344,102.74982452392578,15.132270812988281,105.6823959350586,224.47332763671875,38.834503173828125,75.89163208007812
101.73775482177734,134.9499969482422,50.44839859008789,185.81549072265625,157.22776794433594,105.25901794433594,18.13480567932129,119.9319076538086,297.1499938964844,42.17877197265625,85.89649963378906
96.378173828125,126.7699966430664,47.02191925048828,174.33055114746094,145.35369873046875,104.68968200683594,15.070569038391113,112.64877319335938,275.6099853515625,42.33848571777344,84.70903778076172
90.84805297851562,113.0,41.83087921142578,154.85986328125,148.1623992919922,96.19336700439453,12.120155334472656,91.9212646484375,265.25,41.60858154296875,78.12329864501953
92.89485931396484,102.44000244140625,44.66212463378906,204.29644775390625,157.78533935546875,115.87388610839844,13.480052947998047,100.83647918701172,227.5399932861328,45.66036605834961,99.1506576538086
101.48353576660156,96.54000091552734,52.348690032958984,224.61837768554688,161.44041442871094,128.33416748046875,16.901752471923828,107.24630737304688,194.6999969482422,48.897300720214844,99.62488555908203
103.56830596923828,84.0,53.118202209472656,227.61126708984375,161.25010681152344,124.54490661621094,14.599385261535645,102.6392593383789,123.18000030517578,45.48712921142578,99.48883819580078
104.28522491455078,103.12999725341797,56.040565490722656,239.70631408691406,149.17349243164062,129.98736572265625,19.51746368408203,118.49718475341797,173.22000122070312,46.32840347290039,104.63915252685547
96.39007568359375,94.2300033569336,56.929534912109375,228.68719482421875,139.8992462158203,134.11923217773438,23.19278335571289,113.10761260986328,205.7100067138672,45.76809310913086,99.13705444335938
95.95419311523438,103.29000091552734,61.455814361572266,218.4628448486328,142.5051727294922,121.91891479492188,27.749221801757812,114.36334228515625,207.4600067138672,47.48121643066406,99.67268371582031
104.68160247802734,105.44999694824219,60.447025299072266,208.87815856933594,150.50384521484375,129.33827209472656,27.725961685180664,115.64164733886719,164.30999755859375,48.81396484375,107.56211853027344
97.13845825195312,120.58000183105469,77.95496368408203,197.48609924316406,142.56033325195312,127.96768188476562,37.802581787109375,114.995361328125,203.92999267578125,47.4882926940918,92.87391662597656
103.82386016845703,130.36000061035156,83.69283294677734,236.16748046875,153.32528686523438,137.142578125,42.266876220703125,113.22264862060547,261.7699890136719,51.01493835449219,98.32804870605469
106.02376556396484,133.67999267578125,87.16699981689453,254.51956176757812,155.1872100830078,148.94830322265625,46.69501876831055,116.00544738769531,267.42999267578125,51.884765625,98.3188705444336
98.46554565429688,138.00999450683594,89.51820373535156,271.1748046875,149.76820373535156,138.9293975830078,49.31912612915039,115.49398040771484,258.0799865722656,52.77732467651367,101.94029235839844
92.6762466430664,127.12000274658203,80.5643539428711,263.3326721191406,145.32261657714844,137.68563842773438,43.467376708984375,104.34444427490234,250.22000122070312,52.09202194213867,108.6823959350586
90.47537994384766,133.08999633789062,82.05545043945312,218.0452423095703,138.40870666503906,132.02708435058594,40.75370407104492,94.34796905517578,200.83999633789062,53.22551727294922,97.84004211425781
100.34806060791016,146.08999633789062,90.28273010253906,243.09129333496094,144.3055877685547,149.2797393798828,46.73984909057617,107.62690734863281,240.0800018310547,50.710975646972656,94.96537017822266
105.90958404541016,151.94000244140625,108.8633804321289,286.6736145019531,147.41749572753906,162.6888885498047,49.49007797241211,124.82959747314453,248.47999572753906,51.34938049316406,93.25929260253906
108.8731918334961,155.1999969482422,115.60982513427734,291.1723937988281,149.44900512695312,166.76329040527344,61.492740631103516,119.39718627929688,187.2899932861328,54.024742126464844,95.8990478515625
114.70714569091797,176.75999450683594,127.4147720336914,325.2986755371094,151.7815399169922,179.0508575439453,79.06795501708984,125.59841918945312,201.8800048828125,57.4836311340332,97.49412536621094
109.89225006103516,180.3800048828125,129.85630798339844,356.9265441894531,149.91091918945312,192.75442504882812,90.3056869506836,122.7239761352539,175.7899932861328,59.01365661621094,109.43397521972656
102.45714569091797,175.0,127.93575286865234,325.8929138183594,137.02267456054688,184.51690673828125,86.35794830322266,96.8869400024414,183.27999877929688,58.40766143798828,111.34510040283203
99.29246520996094,176.44000244140625,130.71826171875,330.94232177734375,138.99380493164062,196.1340789794922,109.57709503173828,104.8999252319336,178.0800018310547,64.71588897705078,110.39425659179688
100.96368408203125,193.25,157.9707794189453,325.6437072753906,139.63014221191406,195.7759246826172,123.47699737548828,106.62784576416016,197.8800048828125,66.86557006835938,109.2598648071289
102.9361343383789,186.97999572753906,158.59774780273438,338.4504699707031,150.7978973388672,205.97804260253906,116.96992492675781,120.70463562011719,232.07000732421875,67.78397369384766,112.55320739746094
110.64218139648438,178.5,160.71005249023438,349.5466613769531,158.4500274658203,218.799072265625,119.31893920898438,122.39957427978516,214.11000061035156,76.26685333251953,111.93630981445312
111.36502838134766,186.3300018310547,170.26458740234375,383.9221496582031,155.99488830566406,205.231201171875,121.38805389404297,120.92488098144531,261.6300048828125,79.97025299072266,112.14863586425781
110.73986053466797,186.39999389648438,168.12109375,369.2767333984375,153.87722778320312,215.99594116210938,132.7145538330078,108.9552993774414,249.85000610351562,81.15866088867188,111.72767639160156
116.56134796142578,207.88999938964844,160.5057830810547,400.0685119628906,149.208740234375,244.5432891845703,138.2026824951172,112.6598129272461,345.1600036621094,91.60678100585938,112.85662078857422
111.00660705566406,219.38999938964844,229.58824157714844,357.3634338378906,140.32455444335938,234.7407989501953,134.24403381347656,101.97074127197266,403.8399963378906,89.47754669189453,103.76180267333984
125.55101013183594,237.67999267578125,219.70802307128906,365.9142761230469,147.63092041015625,261.75885009765625,120.03717041015625,116.04513549804688,404.6000061035156,97.42752075195312,103.04800415039062
136.15432739257812,212.27999877929688,198.02218627929688,340.075439453125,160.11863708496094,260.50225830078125,124.8858413696289,120.58963012695312,292.9800109863281,97.87415313720703,107.3886947631836
130.86639404296875,190.25999450683594,166.24807739257812,326.0848083496094,162.2023468017578,241.45553588867188,108.3503646850586,108.78562927246094,259.1600036621094,87.13490295410156,115.74577331542969
128.99195861816406,184.4199981689453,191.6896209716797,305.7860412597656,152.8813934326172,240.78616333007812,108.90023040771484,100.33891296386719,282.1600036621094,96.78937530517578,102.80186462402344
132.39434814453125,205.00999450683594,241.08851623535156,345.7663269042969,151.80552673339844,261.46307373046875,135.10548400878906,106.62236022949219,346.4599914550781,98.25241088867188,99.56102752685547
134.8027801513672,219.38999938964844,274.5323486328125,385.6849670410156,150.68026733398438,287.12408447265625,157.96133422851562,103.20574188232422,317.6600036621094,97.55215454101562,105.88004302978516
125.06993865966797,234.11000061035156,293.1976623535156,435.1709899902344,162.5078125,293.39324951171875,177.85006713867188,105.8362045288086,308.2699890136719,97.75169372558594,109.65164947509766
132.0727081298828,229.0,296.88134765625,417.83953857421875,174.76937866210938,299.961669921875,174.1604766845703,112.77433013916016,333.8699951171875,96.75402069091797,112.25444793701172
133.3470458984375,219.57000732421875,329.3457336425781,475.7830505371094,184.25015258789062,313.90386962890625,186.55909729003906,113.5077896118164,444.7200012207031,103.05999755859375,111.77237701416016
123.0727310180664,244.22000122070312,369.6300048828125,575.6062622070312,187.6783905029297,309.6147155761719,202.47872924804688,124.08999633789062,456.55999755859375,101.18000030517578,113.36841583251953
128.89999389648438,233.22000122070312,402.9599914550781,575.760009765625,205.614501953125,313.0799865722656,176.99014282226562,128.52999877929688,430.1700134277344,110.51000213623047,114.91488647460938
122.08999633789062,226.88999938964844,401.1000061035156,596.5,201.6199951171875,315.2099914550781,185.5500030517578,126.66999816894531,439.5799865722656,113.55999755859375,115.9800033569336
